2.318396
2.119272
1.416092
1.158348
1.308306
1.200607
1.339234
1.167432
1.211587
2.024929
1.199234
2.019625
1.638251
2.122511
1.932390
1.694893
1.598688
1.079048
1.032353
1.103275
1.015706
0.965627
1.013781
2.082820
1.781627
1.542935
1.253108
1.877759
1.219626
1.681388
1.722146
1.196643
1.675644
3.019262
1.144189
1.743655
1.371834
1.535865
1.331661
1.142238
0.991371
1.157745
9.507036
1.658990
1.826745
1.974306
2.160872
1.147111
1.710294
2.025646
1.666960
2.060118
1.970761
2.379391
1.980687
2.318208
1.923058
1.839949
1.730841
2.144171
1.885755
2.064695
1.144154
1.332139
1.277050
1.765190
2.281351
1.185334
1.951164
2.405079
1.753393
