2.145813
2.139339
1.416073
1.116648
1.279512
1.271728
1.303995
1.227325
1.207059
2.060396
1.167516
2.144454
1.683250
2.203133
1.589368
1.598215
1.502007
1.093046
1.037501
1.091829
1.017247
1.000246
1.034345
2.341579
1.902559
1.529467
1.260897
1.898170
1.164970
2.086695
1.918728
1.139884
1.675334
3.010381
1.201757
1.728099
1.312221
2.907955
1.544510
1.176301
0.996725
1.182516
9.459412
1.782660
2.060922
2.164969
1.998547
1.163295
1.323686
1.862586
1.683611
2.056169
2.137355
2.357610
2.071010
2.206289
1.819620
1.827445
1.734888
2.148325
1.924056
2.065748
1.092652
1.313033
1.265906
1.848767
2.296897
1.238018
1.916488
2.404886
1.687053
